{
 "cells": [
  {
   "cell_type": "markdown",
   "id": "57c1625e-94c1-447b-a5a4-ab8cfe2dedad",
   "metadata": {},
   "source": [
    "# Matrix inverse\n",
    "\n",
    "Mainly two resources have been used to setup this notebook:\n",
    "\n",
    "**Sources:**\n",
    "\n",
    "`Linear Algebra : Theory, Intuition, Code`  author: Mike X Cohen, publisher: sincXpress\n",
    "\n",
    "`No bullshit guide to linear algebra` author: Ivan Savov\n",
    "\n",
    "\n",
    "---"
   ]
  },
  {
   "cell_type": "markdown",
   "id": "9663b43e-971a-48df-9863-736eb6789ac6",
   "metadata": {},
   "source": [
    "## Definitions\n",
    "\n",
    "If it exists the inverse Matrix of a square matrix $\\mathbf{A}$ is denoted by $\\mathbf{A^{-1}}$. Left multiplication of $\\mathbf{A}$ by $\\mathbf{A^{-1}}$ yields the identity matrix $\\mathbf{I}$. \n",
    "\n",
    "$$\n",
    "\\mathbf{A^{-1}} \\cdot \\mathbf{A} = \\mathbf{I}\n",
    "$$\n",
    "\n",
    "Solving the matrix equation \n",
    "\n",
    "$$\n",
    "\\mathbf{A} \\cdot \\mathbf{y} = \\mathbf{b}\n",
    "$$\n",
    "\n",
    "could be (at least in theory) done by left multiplication of both sides of the equation by the inverse matrix:\n",
    "\n",
    "$$\\begin{gather}\n",
    "\\mathbf{A^{-1}} \\cdot \\mathbf{A} \\cdot \\mathbf{x} = \\mathbf{A^{-1}} \\cdot \\mathbf{b} \\\\\n",
    "\\mathbf{I} \\cdot \\mathbf{x} = \\mathbf{A^{-1}} \\cdot \\mathbf{b} \\\\\n",
    "\\mathbf{x} = \\mathbf{A^{-1}} \\cdot \\mathbf{b}\n",
    "\\end{gather}\n",
    "$$\n",
    "\n",
    "---\n",
    "\n",
    "If the inverse matrix exists it is **unique**. \n",
    "\n",
    "**Proof**\n",
    "\n",
    "Assume that matrices $\\mathbf{B}$ **and** $\\mathbf{C}$ are both inverse matrices of $\\mathbf{A}$.\n",
    "\n",
    "$$\\begin{gather}\n",
    "\\mathbf{B} \\cdot \\mathbf{A} = \\mathbf{A} \\cdot \\mathbf{B} = \\mathbf{I} \\\\\n",
    "\\mathbf{C} \\cdot \\mathbf{A} = \\mathbf{A} \\cdot \\mathbf{C} = \\mathbf{I} \\\\\n",
    "\\ \\\\\n",
    "\\mathbf{B} = \\mathbf{B} \\cdot \\mathbf{I} = \\mathbf{B} \\cdot \\left( \\mathbf{A} \\cdot \\mathbf{C} \\right) = \\left(\\mathbf{B} \\cdot  \\mathbf{A} \\right) \\cdot \\mathbf{C} = \\mathbf{I} \\cdot \\mathbf{C}  = \\mathbf{C} \\\\\n",
    "\\ \\\\\n",
    "\\mathbf{B} = \\mathbf{C}\n",
    "\\end{gather}\n",
    "$$\n",
    "\n",
    "---\n",
    "\n",
    "The inverse of the matrix product  $\\left( \\mathbf{A} \\cdot \\mathbf{B} \\right)$ is computed from:\n",
    "\n",
    "$\\left( \\mathbf{A} \\cdot \\mathbf{B} \\right)^{-1} = \\mathbf{B}^{-1} \\cdot \\mathbf{A}^{-1}$\n",
    "\n",
    "**Proof**\n",
    "\n",
    "$$\n",
    "\\left( \\mathbf{A} \\cdot \\mathbf{B} \\right)^{-1} \\cdot \\mathbf{A} \\cdot \\mathbf{B} = \\mathbf{I}\n",
    "$$\n",
    "\n",
    "Expressing $\\left( \\mathbf{A} \\cdot \\mathbf{B} \\right)^{-1}$ by the product of two matrices\n",
    "\n",
    "$$\n",
    "\\left( \\mathbf{A} \\cdot \\mathbf{B} \\right)^{-1} = \\mathbf{D} \\cdot \\mathbf{C}\n",
    "$$\n",
    "\n",
    "yields:\n",
    "\n",
    "$$\n",
    "\\mathbf{D} \\cdot \\mathbf{C} \\cdot \\mathbf{A} \\cdot \\mathbf{B} = \\mathbf{I}\n",
    "$$\n",
    "\n",
    "Choose $\\mathbf{C} = \\mathbf{A}^{-1}$ \n",
    "\n",
    "$$\n",
    "\\mathbf{D} \\cdot \\mathbf{A}^{-1} \\cdot \\mathbf{A} \\cdot \\mathbf{B} = \\mathbf{D} \\cdot \\mathbf{I} \\cdot \\mathbf{B} = \\mathbf{D} \\cdot \\mathbf{B} = \\mathbf{I}\n",
    "$$\n",
    "\n",
    "Choose $\\mathbf{D} = \\mathbf{B}^{-1}$ \n",
    "\n",
    "$$\n",
    "\\mathbf{D} \\cdot \\mathbf{B} = \\mathbf{B}^{-1} \\cdot \\mathbf{B} = \\mathbf{I}\n",
    "$$\n",
    "\n",
    "Thus we have\n",
    "\n",
    "$$\\begin{gather}\n",
    "\\mathbf{D} \\cdot \\mathbf{C} \\cdot \\mathbf{A} \\cdot \\mathbf{B} = \\mathbf{I} \\\\\n",
    "\\underbrace{\\mathbf{B}^{-1} \\cdot \\mathbf{A}^{-1}}_{\\left( \\mathbf{A} \\cdot \\mathbf{B} \\right)^{-1}} \\cdot \\mathbf{A} \\cdot \\mathbf{B} = \\mathbf{I} \\\\\n",
    "\\to \\\\\n",
    "\\left( \\mathbf{A} \\cdot \\mathbf{B} \\right)^{-1} = \\mathbf{B}^{-1} \\cdot \\mathbf{A}^{-1}\n",
    "\\end{gather}\n",
    "$$\n",
    "\n",
    "The result can easily be generalized like this:\n",
    "\n",
    "$$\n",
    "\\left( \\mathbf{A} \\cdot \\mathbf{B} \\cdot \\mathbf{C} \\right)^{-1} = \\mathbf{C}^{-1} \\cdot \\mathbf{B}^{-1} \\cdot \\mathbf{A}^{-1}\n",
    "$$\n",
    "\n",
    "\n",
    "---\n",
    "\n",
    "The inverse matrix of the inverse matrix is the original matrix:\n",
    "\n",
    "$$\n",
    "\\left(\\mathbf{A}^{-1} \\right)^{-1} = \\mathbf{A}\n",
    "$$\n",
    "\n",
    "**Proof**\n",
    "\n",
    "To prove this equation the property $\\left( \\mathbf{A} \\cdot \\mathbf{B} \\right)^{-1} = \\mathbf{B}^{-1} \\cdot \\mathbf{A}^{-1}$ is used.\n",
    "\n",
    "$$\\begin{gather}\n",
    "\\left(\\mathbf{A} \\cdot \\mathbf{A}^{-1} \\right)^{-1} = \\mathbf{I}^{-1} = \\mathbf{I} \\\\\n",
    "\\left(\\mathbf{A}^{-1} \\right)^{-1} \\cdot \\mathbf{A}^{-1} = \\mathbf{I} \\\\\n",
    "\\left(\\mathbf{A}^{-1} \\right)^{-1} \\cdot \\mathbf{A}^{-1} \\cdot \\mathbf{A} = \\mathbf{I} \\cdot \\mathbf{A} \\\\\n",
    "\\left(\\mathbf{A}^{-1} \\right)^{-1} \\cdot \\mathbf{I} = \\mathbf{A} \\\\\n",
    "\\ \\\\\n",
    "\\left(\\mathbf{A}^{-1} \\right)^{-1} = \\mathbf{A} \n",
    "\\end{gather}\n",
    "$$\n",
    "\n",
    "---\n",
    "\n",
    "The inverse of a symmetric matrix is also symmetric.\n",
    "\n",
    "If $\\mathbf{A} = \\mathbf{A}^T$ then $\\mathbf{A}^{-1} = \\left(\\mathbf{A}^{-1} \\right)^T = \\mathbf{A}^{-T}$\n",
    "\n",
    "---\n",
    "\n"
   ]
  },
  {
   "cell_type": "markdown",
   "id": "d557fa3f-077a-4c4d-870a-003ca18421c7",
   "metadata": {},
   "source": [
    "## Inverse Matrix of rectangular / non-square matrix\n",
    "\n",
    "A $m \\times n$ matrix $\\mathbf{A}$ with $m \\gt n$ (more rows than columns) is named a `tall` matrix.\n",
    "\n",
    "Similarly a $m \\times n$ matrix $\\mathbf{A}$ with $m \\lt n$ (more columns than rows) is named a `wide` matrix.\n",
    "\n",
    "### inverse matrix for `tall` matrix : (left inverse)\n",
    "\n",
    "Let $\\mathbf{T}$ denote the tall matrix.\n",
    "\n",
    "The rectangular matrix has no inverse however we contruct a rectangular and symmetrix $n \\times n$ matrix $\\mathbf{T}^T \\cdot \\mathbf{T}$. \n",
    "The matrix has an inverse if $rank(\\mathbf{T}) = n$ (full column rank).\n",
    "\n",
    "$$\\begin{gather}\n",
    "\\underbrace{\\left(\\mathbf{T}^T \\cdot \\mathbf{T}\\right)^{-1} \\cdot \\mathbf{T}^T}_{left \\ inverse \\; \\ n \\times m} \\cdot \\underbrace{\\mathbf{T}}_{m \\times n} = \\underbrace{\\mathbf{I}}_{n \\times n} \\\\\n",
    "\\end{gather}\n",
    "$$\n",
    "\n",
    "\n",
    "### inverse matrix for `wide`  matrix : (right inverse)\n",
    "\n",
    "Let $\\mathbf{W}$ denote a wide $m \\times n$ matrix which has no inverse. Again a square $m \\times m$ matrix is obtained from $\\mathbf{W} \\cdot \\mathbf{W}^T$. This matrix has an inverse if $rank(\\mathbf{W}) = m$ (full row rank).\n",
    "\n",
    "$$\n",
    "\\underbrace{\\mathbf{W}}_{m \\times n} \\cdot \\underbrace{\\mathbf{W}^T \\cdot \\left(\\mathbf{W} \\cdot \\mathbf{W}^T\\right)^{-1}}_{right \\ inverse\\; \\ n \\times m} = \\underbrace{\\mathbf{I}}_{m \\times m}\n",
    "$$"
   ]
  },
  {
   "cell_type": "markdown",
   "id": "c9ad67ab-11bb-47ee-9b2f-b6ef9f9020a8",
   "metadata": {},
   "source": [
    "## Examples"
   ]
  },
  {
   "cell_type": "code",
   "execution_count": 1,
   "id": "40e3f208-6381-48d8-b7ef-41f4e81ec6bf",
   "metadata": {},
   "outputs": [],
   "source": [
    "import numpy as np\n"
   ]
  },
  {
   "cell_type": "code",
   "execution_count": 5,
   "id": "a0d1e3b6-db74-459d-857f-5933aed7995d",
   "metadata": {},
   "outputs": [
    {
     "name": "stdout",
     "output_type": "stream",
     "text": [
      "Amat     : [[-0.58520463 -0.73070759 -0.58630732  0.04156307]\n",
      " [-0.52711811 -0.36131584 -0.1286433   0.55818633]\n",
      " [ 1.89419274 -0.93403963 -1.0470101  -0.79117395]\n",
      " [-0.89697529  0.89979277  0.76328476  0.71338095]]\n",
      "\n",
      "Amat_inv : [[-0.97674362  0.74131682  0.38906335 -0.09164763]\n",
      " [ 2.32135608 -2.53307203  1.86761321  3.91803348]\n",
      " [-3.64213181  2.51855238 -2.64742301 -4.69456814]\n",
      " [-0.25914711  1.43234849  0.96617799  1.36766822]]\n",
      "\n",
      "IRight   : [[ 1.00000000e+00 -2.47956856e-17  5.89000329e-18  1.17644131e-16]\n",
      " [-1.51415268e-16  1.00000000e+00 -2.23589322e-16 -5.14408172e-16]\n",
      " [-4.88741731e-16  1.13507435e-16  1.00000000e+00 -3.32550649e-17]\n",
      " [ 1.00574182e-16 -1.42015649e-16 -3.68586569e-16  1.00000000e+00]]\n",
      "\n",
      "ILeft    : [[ 1.00000000e+00 -3.78694203e-17 -2.65358246e-17 -2.50736875e-16]\n",
      " [-8.46429403e-16  1.00000000e+00  4.84062363e-16  5.62813837e-16]\n",
      " [ 8.35466620e-16 -3.76789756e-16  1.00000000e+00 -6.38019255e-16]\n",
      " [-8.69596457e-18 -1.38890147e-16  5.94955142e-17  1.00000000e+00]]\n",
      "\n"
     ]
    }
   ],
   "source": [
    "# random square matrix\n",
    "# randomness ensures in most cases that the matrix has an inverse !\n",
    "\n",
    "Amat = np.random.randn(4,4)\n",
    "Amat_inv = np.linalg.inv(Amat)\n",
    "\n",
    "# the product (right and left)\n",
    "IRight = np.matmul(Amat, Amat_inv)\n",
    "ILeft = np.matmul(Amat_inv, Amat)\n",
    "\n",
    "print(f\"Amat     : {Amat}\\n\")\n",
    "print(f\"Amat_inv : {Amat_inv}\\n\")\n",
    "print(f\"IRight   : {IRight}\\n\")\n",
    "print(f\"ILeft    : {ILeft}\\n\")\n"
   ]
  },
  {
   "cell_type": "code",
   "execution_count": 11,
   "id": "68fe6595-e379-475b-bff8-e489a32dd501",
   "metadata": {},
   "outputs": [
    {
     "name": "stdout",
     "output_type": "stream",
     "text": [
      "Ileft : [[ 1.00000000e+00  1.60683903e-17 -1.39496299e-17]\n",
      " [-5.44369123e-17  1.00000000e+00  2.73216249e-17]\n",
      " [ 1.17566215e-17  3.42756730e-17  1.00000000e+00]]\n"
     ]
    }
   ],
   "source": [
    "# demo of left inverse\n",
    "\n",
    "Atall = np.random.randn(5,3)\n",
    "Aleft = np.linalg.inv(np.matmul(Atall.T, Atall)) @ Atall.T\n",
    "Ileft = Aleft @ Atall\n",
    "\n",
    "print(f\"Ileft : {Ileft}\")"
   ]
  },
  {
   "cell_type": "code",
   "execution_count": 13,
   "id": "9ebfb83f-c8fe-4f26-a37b-580555604662",
   "metadata": {},
   "outputs": [
    {
     "name": "stdout",
     "output_type": "stream",
     "text": [
      "Iright: [[ 1.00000000e+00 -6.35505235e-17]\n",
      " [-1.75274312e-16  1.00000000e+00]]\n"
     ]
    }
   ],
   "source": [
    "# demo of right inverse\n",
    "\n",
    "Awide = np.random.randn(2,6)\n",
    "Aright = Awide.T @ np.linalg.inv(Awide @ Awide.T)\n",
    "Iright = Awide @ Aright\n",
    "\n",
    "print(f\"Iright: {Iright}\")"
   ]
  },
  {
   "cell_type": "code",
   "execution_count": null,
   "id": "fd04222b-8ed5-437d-89a3-e339213b0708",
   "metadata": {},
   "outputs": [],
   "source": []
  }
 ],
 "metadata": {
  "kernelspec": {
   "display_name": "Python 3 (ipykernel)",
   "language": "python",
   "name": "python3"
  },
  "language_info": {
   "codemirror_mode": {
    "name": "ipython",
    "version": 3
   },
   "file_extension": ".py",
   "mimetype": "text/x-python",
   "name": "python",
   "nbconvert_exporter": "python",
   "pygments_lexer": "ipython3",
   "version": "3.11.5"
  }
 },
 "nbformat": 4,
 "nbformat_minor": 5
}
